1203
1319
1543
3061
3397
3548
3707
3879
3927
4215
4312
4697
4748
4871
8467
8681
8733
8832
8928
9091
9267
9358
9472
9839
10017
11592
11766
11855
12165
12268
13776
13853
14209
14286
14642
14719
15076
15153
15598
15670
16001
16071
16857
16926
17907
18532
18787
18866
19438
21294
21653
21709
24647
24824
25654
27120
31339
40013
40256
40471
41576
42635
42699
43528
43653
43753
43847
43959
44011
44108
44278
44366
46990
47401
47444
50238
50665
50707
50882
51044
51090
51140
51194
53274
114641
120534
120892
120939
121036
121133
121230
126634
129389
130720
131456
131818
132144
136447
136600
142245
142946
143903
147893
147934
151623
152320
153542
156202
156246
156497
156768
156808
162770
162816
162925
163189
163441
170289
177284
178626
181101
184025
186325
187010
188704
188791
189400
191465
191548
192778
194217
194467
194763
198525
200197
202354
203233
203424
203912
204176
204449
206423
209027
212845
212890
214625
215859
218915
219176
