168444
168580
170570
170687
170760
170865
170932
171126
171247
171322
171375
171445
171617
171756
172183
172306
172418
172542
172615
172876
173043
173172
173302
173378
173450
173556
173623
173736
173804
173927
173999
174112
174180
174288
174357
174465
174533
174638
174705
174810
174878
174992
175060
175180
175248
175354
175422
175542
175726
175854
175997
176186
176263
176382
176456
176570
176641
176765
176875
176949
177039
186381
186488
186546
186666
186724
186792
186895
188878
189136
193210
193300
194834
194934
194990
195094
195148
195196
195300
195358
195434
195494
195542
195596
195700
195754
200666
200762
