1243
1279
1616
1664
1716
1767
1814
1865
1913
1965
2018
2075
2119
2167
2223
2283
2331
2383
2432
2485
2533
2585
2633
2685
2732
2783
2827
2875
2922
2973
3015
3106
3163
3213
3265
3336
3442
3493
3597
3653
3761
3823
3973
4048
4111
4162
4365
4433
4495
4569
4643
4802
4928
4999
5070
5134
5198
5259
5319
5379
5464
5549
5634
5711
5788
5865
5942
6019
6089
6159
6229
6299
6367
6435
6503
6570
6637
6700
6763
6826
6889
6955
7021
7087
7153
7219
7285
7354
7423
7488
7553
7618
7683
7748
7811
7877
7943
8009
8075
8141
8207
8267
8327
8397
8520
8597
9003
9175
9590
9718
9922
10104
10214
10325
10428
10536
10638
10739
10844
10939
11041
11145
11258
11348
11434
11512
11677
11951
12058
12375
12493
12606
12726
12844
12957
13070
13172
13272
13371
13469
13575
13673
13939
14032
14120
14372
14465
14553
14805
14899
14987
15240
15334
15423
15513
15751
15839
15922
16150
16236
16317
16396
16475
16557
16635
16711
16789
17003
17091
17183
17273
17359
17447
17520
17595
17676
17752
17831
17976
18065
18156
18253
18345
18440
18609
18697
18944
19024
19126
19237
19341
19514
19592
19685
19779
19878
19977
20078
20179
20289
20399
20497
20593
20691
20790
20893
20989
21087
21186
21236
21345
21408
21470
21530
21595
21769
21830
21904
21976
22048
22115
22180
22245
22306
22370
22434
22495
22558
22621
22684
22744
22819
22892
22972
23032
23092
23167
23242
23324
23406
23475
23534
23593
23652
23711
23770
23837
23904
23967
24030
24093
24159
24236
24307
24378
24446
24519
24592
24700
24760
24885
24952
25011
25074
25130
25191
25258
25317
25384
25446
25506
25580
25907
25964
26020
26077
26134
26196
26253
26313
26368
26427
26487
26542
26609
26659
26721
26781
26855
26931
26996
27062
27183
27286
27362
27436
27497
27552
27612
27671
27733
27792
27861
27924
27980
28042
28109
28167
28226
28295
28352
28411
28464
28527
28600
28670
28735
28812
28885
28951
29012
29092
29164
29231
29306
29376
29446
29511
29581
29646
29717
29783
29853
29918
29990
30057
30126
30190
30259
30333
30402
30466
30529
30588
30654
30718
30787
30851
30916
30985
31054
31104
31164
31227
31286
31403
31476
31545
31621
31685
31762
31830
31893
31949
32019
32082
32147
32209
32270
32335
32405
32477
32548
32615
32681
32753
32817
32893
32961
33024
33107
33175
33232
33285
33345
33406
33467
33531
33595
33662
33721
33788
33848
33911
33969
34029
34084
34134
34203
34263
34325
34385
34439
34495
34565
34621
34689
34753
34814
34888
34954
35015
35078
35146
35210
35266
35323
35385
35455
35517
35571
35627
35682
35758
35817
35870
35929
35983
36043
36097
36163
36221
36277
36337
36392
36442
36491
36545
36600
36664
36715
36777
36839
36901
36961
37019
37074
37148
37222
37290
37365
37437
37512
37585
37659
37732
37814
37890
37949
38010
38066
38130
38187
38249
38312
38369
38439
38494
38552
38607
38661
38737
38800
38871
38930
38984
39037
39090
39144
39203
39263
39317
39384
39440
39497
39565
39628
39695
39758
39821
39880
39942
40066
40124
40190
40305
40344
40383
40421
40510
40566
40626
40667
40713
40765
40816
40854
40896
40945
40998
41052
41110
41164
41222
41276
41334
41387
41444
41487
41534
41629
41674
41719
41773
41830
41884
41938
41992
42046
42103
42160
42214
42271
42325
42382
42439
42489
42537
42585
42743
42783
42827
42871
42919
42961
43007
43055
43093
43135
43175
43219
43261
43307
43348
43393
43440
43482
43564
43607
43698
43793
43896
44051
44148
44190
44235
44319
44411
44462
44516
44571
44638
44702
44768
44834
44904
44966
45048
45111
45172
45236
45297
45361
45427
45495
45560
45622
45686
45760
45817
45880
45939
46004
46072
46134
46196
46262
46320
46398
46457
46514
46585
46633
46687
46753
46821
46874
46927
47039
47101
47159
47218
47281
47345
47493
47553
47607
47677
47754
47827
47907
47966
48024
48097
48160
48219
48282
48353
48429
48486
48547
48610
48690
48754
48810
48865
48927
48989
49047
49106
49166
49230
49291
49344
49400
49462
49523
49586
49625
49669
49717
49762
49805
49849
49888
49936
49980
50022
50068
50112
50154
50197
50282
50343
50401
50452
50502
50546
50587
50626
50756
50819
50924
50983
51255
51335
51403
51482
51556
51627
51699
51765
51842
51919
51986
52072
52147
52219
52289
52360
52453
52525
52606
52675
52750
52827
52901
52959
53017
53068
53120
53168
53224
53326
53385
53437
53487
53536
53584
54527
54631
54735
54838
54940
55043
55145
55249
55353
55456
55559
55662
55764
55867
56044
56147
56250
56352
56455
56559
56663
56766
56869
56973
57075
57178
57281
57383
57486
57590
57693
57796
57899
58002
58105
58209
58312
58415
58518
58620
58723
58826
58928
59031
59133
59237
59348
59451
59555
59658
59761
60154
60257
60360
60463
60567
60670
60773
60876
60979
61083
61186
61289
61392
61495
61598
61700
61804
61906
62009
62112
62214
62317
62421
62525
62628
62731
62834
62938
63041
63144
63247
63350
63454
63558
63661
63764
63884
63987
64091
64194
64298
64401
64505
64607
64710
64813
64917
65020
65123
67320
67423
67526
67629
67732
67835
67938
68042
68146
68248
68351
68454
68557
68661
68764
68867
68970
69074
69177
69280
69382
69486
69590
69693
69796
69898
70001
70112
70215
70317
70471
70575
70678
70782
70886
71034
71137
71240
71343
71447
71549
71652
71756
71859
71963
72066
72169
72273
72376
72478
73271
73375
73479
73583
73726
73829
73933
74036
74140
74243
74346
74449
74553
74656
74759
74861
74964
75075
75178
75281
75385
75488
75592
75695
75797
75900
76004
76106
76209
76312
76414
76480
76534
76573
76677
76780
76883
76986
77090
77193
77296
77399
77502
77606
77710
77813
77924
78026
78129
78232
78335
78439
78576
78829
78932
79035
79137
79240
79344
79447
79551
79653
79756
79859
79962
80065
80168
80271
80374
80478
80582
80686
80790
80892
80996
81100
81211
81314
81418
81521
81625
81728
81832
81935
82039
82142
82246
82349
82452
82554
82658
82761
82863
82967
83069
83172
83275
83378
83482
83585
83687
83790
83893
83995
84099
84202
84306
84410
84513
84616
84719
84822
84925
85028
85130
85232
85335
85439
85542
85645
85749
85852
85954
86057
86161
86263
86367
86469
86572
86675
86778
86881
86985
87088
87191
87295
87399
87502
87605
87708
87812
88148
88251
88355
88458
88561
88664
88767
88870
88974
89076
89179
89282
89385
89488
89592
89695
89796
89900
90004
90107
90210
90313
90415
90519
90622
90725
90828
90931
91034
91138
91242
91345
91448
91550
91654
91757
91860
91964
92067
92185
92288
92391
92494
92597
92701
92805
92908
93010
93113
93214
93317
93420
93521
93623
93727
93932
94036
94137
94240
94343
94446
94549
94653
94756
94860
94961
95064
95168
95271
95374
95477
95580
95683
95787
95891
95995
96098
96201
96304
96408
96511
96614
96717
96820
96993
97097
97200
97304
97407
97510
97613
97716
97819
97922
98024
98128
98231
98335
98438
98541
98644
98746
98850
98953
99057
99161
99264
99367
99470
99573
99781
99884
99988
100092
100194
100298
100402
100513
100617
100721
100825
100928
101031
101135
101239
101342
101445
101548
101652
101754
101857
101960
102063
102166
102270
102374
102478
102582
102684
102788
102891
102994
103098
103202
103306
103409
103511
103614
103717
103820
103924
104027
104130
104234
104337
104440
104544
104648
104751
104855
104959
105063
105532
105579
105634
105677
105718
105775
105839
105899
106304
106354
107204
107255
107315
107365
107940
108194
108244
108302
109358
109402
109456
109667
109823
109886
110552
110700
110781
111075
112137
112189
112241
112283
114280
114319
114363
114413
114556
114803
114848
114890
114933
115793
115831
115883
116654
116710
116777
116933
117154
117196
117371
117478
117762
117816
118043
118214
118940
119128
119174
119224
119747
119815
120434
120490
120846
120988
121085
121182
121279
121683
121786
121889
121993
122097
122201
122304
122407
122510
122614
122718
122822
122925
123029
123132
123235
123339
123442
123545
123649
123752
123855
123958
124060
124163
124266
124369
124471
124574
124677
124826
124869
124972
125076
125179
125283
125329
125475
125579
125683
125730
125789
125845
125903
125961
126023
126077
126151
126206
126259
126315
126530
126676
126721
126767
126978
127081
127185
127288
127392
127496
127599
127693
127746
127906
127957
128003
128052
128096
128144
128193
129159
129215
129254
129340
129389
129466
129529
129594
129639
129683
129737
130113
130172
130231
130290
130347
130464
130516
130568
130620
130670
130966
131456
131537
131586
131633
131673
131715
131861
131902
132097
132196
132299
132403
132507
132610
132712
132815
132918
133021
133124
133227
133330
133433
133537
133640
133743
133846
133949
134052
134155
134258
134361
134470
134573
134676
134779
134882
135037
135140
135243
135347
135450
135552
135655
135759
135970
136152
136198
136344
136556
136643
136699
136757
136817
136874
136928
136984
137050
137099
137154
137202
137637
137740
137843
137946
138049
138152
138255
138358
138461
138564
138668
138771
138875
138978
139082
139185
139288
139391
139494
139598
139701
139804
139907
140011
140114
140217
140320
140423
140526
140629
140732
140835
140938
141041
141125
141171
141221
141325
141427
141530
141633
141736
141839
141942
142045
142148
142197
142389
142450
142538
142589
142637
142695
142747
142792
142843
142899
142986
143082
143130
143188
143248
143945
143991
144039
144080
144122
144285
144336
144490
144539
144646
144695
144744
144793
144845
144907
144966
145020
145074
145128
145186
145236
145306
145357
145457
145523
145585
145640
145690
145759
145820
145876
145933
145997
146056
146115
146169
146228
146282
146342
146397
146456
146510
146571
146627
146685
146738
146796
146859
146917
146970
147014
147119
147358
147554
147977
148080
148184
148287
148389
148491
148594
148696
148799
148903
149006
149109
149212
149316
149419
149523
149626
149729
149832
149935
150038
150141
150243
150346
150449
150553
150655
150758
150862
150965
151068
151171
151275
151378
151677
151776
151822
151875
151929
152031
152135
152172
152214
152269
152372
152475
152579
152682
152785
152888
152990
153101
153209
153256
153300
153589
153642
153700
153753
153807
153865
154008
154060
154101
154142
154192
154245
154295
154345
154395
154445
154498
154551
154601
154654
154704
154757
154810
154858
154905
154951
154995
155039
155136
155625
155729
155832
155935
156319
156370
156409
156451
156542
156582
156629
156723
157427
157530
157632
157734
157844
157947
158050
158154
158257
158359
158462
158565
158668
158770
158874
158978
159082
159185
159288
159397
159499
159602
159704
159808
159911
160014
160117
160645
160749
160852
160956
161059
161163
161266
161369
161512
161561
161613
161661
161709
161757
161805
161853
161910
161958
162006
162056
162112
162163
162217
162268
162324
162382
162446
162505
162567
162626
162668
164132
164236
164339
164448
164551
164655
164758
164861
164964
165068
165171
165274
165383
165486
165589
165692
165795
165898
166002
166106
166209
166313
166417
166521
166624
166727
166831
166934
167038
167141
167434
167537
167641
167744
167847
167950
168053
168295
168341
168540
168638
169021
169074
169140
169197
169683
169976
170028
170073
170132
170184
170238
170520
171563
171831
171890
171951
172011
172067
172122
172253
172682
172743
172811
175617
175674
175925
176129
177106
177157
177203
177242
177571
177620
177670
177720
177773
177826
177882
177930
177986
178035
178087
178134
178183
178702
178814
178858
180989
181029
181063
181566
181605
181651
181691
181735
181779
181823
181871
181919
181972
182014
182060
182108
182146
182188
182228
182272
182315
182358
182402
182441
182497
182541
182585
182635
182677
182723
182764
182809
182855
182907
182954
182996
183038
183084
183127
183429
183475
183533
183881
183924
183967
184159
184694
185693
185738
185798
185856
185921
186214
186265
186951
187090
187139
187182
187227
187272
187332
187392
187459
187526
187569
187622
187667
187726
187771
187828
187881
187931
187994
188049
188099
188151
188459
188512
188566
188615
188660
188748
188832
188975
189026
189085
189188
189231
189272
189317
189361
189442
189507
189558
189606
189648
189696
189739
189793
189842
189886
189929
189973
190017
190061
190098
190139
190194
190241
190286
190335
190379
190426
190547
190590
190629
191094
191179
191226
191271
191319
191362
191412
192441
192491
192533
192621
192727
192855
193023
193358
193417
193478
193539
193609
193760
194559
195802
195901
196254
197380
197436
197494
197553
197602
197649
197693
197756
197838
197901
197956
198013
198077
198138
198202
198264
198327
198389
198460
198658
198702
198746
198791
198839
198889
198934
199115
199165
199348
199397
199450
199503
199553
199597
199649
199947
200040
200093
200145
200469
200518
200566
200613
201397
201444
201527
201780
201849
201907
202130
202292
202396
202798
202846
203321
203372
203613
203666
203713
203758
203806
204031
204304
204363
204404
204704
205236
205422
205522
205759
205859
205904
205953
206003
206057
206107
206626
207010
207059
207107
207157
207966
208016
208313
208355
208493
208536
208585
208638
208679
208779
209067
209110
209183
209256
209329
209394
209459
209524
209589
209654
209712
209770
209828
209886
209937
209993
210049
210105
210160
210215
210266
210317
210368
210419
210473
210527
210581
210635
210689
210743
210800
210857
210910
210963
211016
211069
211122
211173
211227
211281
211335
211389
211443
211497
211540
212077
212133
212191
212250
212289
212332
212519
213680
214304
214752
214800
215900
216024
216066
216114
216162
216210
216258
216306
216348
216399
216442
216490
216539
216601
216657
216713
216766
216809
216865
216923
216981
217039
217097
217142
217181
217227
217283
217340
217392
217448
217501
217563
217615
218017
218065
218194
218235
218280
218320
218364
218401
218442
218482
218526
218583
218640
218697
218754
218801
218841
218876
218955
218995
