11
58
111
160
216
291
339
385
425
478
530
603
649
715
763
824
883
934
987
1038
1082
1119
1168
53630
59864
59902
59930
59959
60026
60099
65226
65250
65316
65361
65406
65449
65489
65528
65569
65610
65654
65696
65732
65777
65826
65875
65929
65980
66029
66078
66131
66182
66227
66271
66318
66363
66407
66451
66497
66542
66592
66645
66689
66734
66779
66824
66870
66921
66958
66995
67046
67094
67153
67213
67266
70420
72581
73164
73225
73686
78542
78625
78696
78737
87915
105166
105254
105324
105434
105496
105966
106019
106055
106089
106400
106443
106714
106960
107013
107072
107120
107163
107417
107757
107882
107982
108052
108096
108365
108413
108456
108526
108571
108659
108719
108766
108805
108861
108910
108955
109016
109054
109134
109186
109265
109505
109554
109619
109713
109767
109951
110222
110275
110355
110408
110452
110499
110600
110638
110747
110822
110929
110979
111128
111688
111764
111848
111886
111917
111967
112010
112059
112098
112344
112400
112458
112519
112621
112668
112982
113022
113053
113114
113204
113247
113278
113308
113348
113378
113413
113447
113934
114005
114053
114146
114192
114233
114460
114521
114726
114979
115172
115278
115397
115457
115521
115588
115688
115721
115939
116009
116073
116107
116212
116321
116373
116614
116834
116886
116976
117026
117104
117245
117420
117523
117570
117730
117866
117925
117993
118089
118137
118261
118341
118380
118425
118504
118736
118891
118991
119078
119272
119307
119453
119510
119586
119639
119700
119862
119910
119991
120041
120080
120141
120238
120332
120364
120578
120728
120793
121328
124781
125432
126368
126447
126813
126862
126917
127658
127801
127842
128237
128523
129305
129788
129836
130404
130720
130854
130912
131013
131268
131337
131770
131947
132000
132055
134985
135933
136020
136059
136104
136301
137249
137294
137358
137599
141084
142245
142329
142495
143041
143300
143355
143422
143483
143556
143603
143657
143737
143791
143842
144169
144224
144393
144441
144599
145406
147066
147171
147216
147405
147462
147505
147601
147648
151481
151517
151562
151725
153350
153394
153448
153497
153923
155085
155199
155448
155530
155581
156038
156084
156135
156246
156678
156858
156894
160219
160284
160523
160574
161472
162714
162856
162986
163031
163148
163229
163266
163304
163344
163396
163481
163521
163776
163831
163877
167189
168157
168244
168444
168741
168780
169240
169494
169554
169605
169736
169796
169849
169896
169938
170570
170760
170932
171126
171445
171617
172306
172418
172876
172981
173043
173172
173450
173623
173804
173999
174180
174357
174533
174705
174878
175060
175248
175422
175726
175997
176263
176456
176641
176765
176949
177330
178226
178283
178329
178587
178626
178747
178897
179009
179114
179237
179359
179503
179633
179762
179945
180073
180208
180375
180579
180696
180796
180881
181150
181196
181513
183168
183234
183306
183379
183574
183637
183727
183817
184025
184209
184268
184321
184374
184416
184497
184548
184598
184646
184743
184779
184836
184881
185626
185658
185971
186381
186546
186792
187010
188208
188311
188386
188878
190464
190500
190673
190712
190757
191006
191138
191508
191692
191744
191792
191846
191897
192156
192395
192578
192661
192821
192895
192966
193081
193128
193210
193679
193717
193811
193857
194108
194175
194511
194610
194725
194834
194990
195196
195358
195596
195844
195959
196034
196079
196119
196178
196212
196314
196355
196674
196717
196765
197035
197073
197108
197153
197193
197244
197301
197347
198585
198987
199032
199078
199210
199300
199698
199745
199816
199858
199909
199993
200237
200349
200404
200666
200814
200867
201120
201194
201241
201320
201357
201484
201590
201635
201678
201731
201958
202001
202053
202180
202237
202447
202490
202633
202679
202756
202916
202955
202992
203065
203106
203155
203233
203469
203527
203568
203849
203982
204077
204121
204217
204502
204549
204610
204659
204748
204789
204843
204886
204930
205189
205283
205333
205467
205577
205649
205706
205805
206161
206198
206239
206284
206332
206385
206466
206525
206594
206670
206728
206775
206811
206872
206918
206963
207200
207595
207636
207893
208070
208401
208446
208724
208825
208866
208913
208989
211593
211858
211909
211970
212032
212397
212472
212566
212614
212672
212732
212795
212957
212993
213131
213530
213568
213606
213643
213732
214205
214254
214364
214419
214494
214549
214586
214625
214703
214855
215100
215137
215173
215414
215461
215504
215739
215781
215823
215943
217667
217724
217766
217802
217840
217883
217923
217974
218116
218155
219045
219101
219139
