54527
54631
54735
54838
54940
55043
55145
55249
55353
55456
55559
55662
55764
55867
55971
56044
56147
56250
56352
56455
56559
56663
56766
56869
56973
57075
57178
57281
57383
57486
57590
57693
57796
57899
58002
58105
58209
58312
58415
58518
58620
58723
58826
58928
59031
59133
59237
59348
59451
59555
59658
59761
60154
60257
60360
60463
60567
60670
60773
60876
60979
61083
61186
61289
61392
61495
61598
61700
61804
61906
62009
62112
62214
62317
62421
62525
62628
62731
62834
62938
63041
63144
63247
63350
63454
63558
63661
63764
63884
63987
64091
64194
64298
64401
64505
64607
64710
64813
64917
65020
65123
67320
67423
67526
67629
67732
67835
67938
68042
68146
68248
68351
68454
68557
68661
68764
68867
68970
69074
69177
69280
69382
69486
69590
69693
69796
69898
70001
70112
70215
70317
70471
70575
70678
70782
70886
70886
71034
71137
71240
71343
71447
71549
71652
71756
71859
71963
72066
72169
72273
72376
72478
73271
73375
73479
73583
73726
73829
73933
74036
74140
74243
74346
74449
74553
74656
74759
74861
74964
75075
75178
75281
75385
75488
75592
75695
75797
75900
76004
76106
76209
76312
76573
76677
76780
76883
76986
77090
77193
77296
77399
77502
77606
77710
77813
77924
78026
78129
78232
78335
78439
78829
78932
79035
79137
79240
79344
79447
79551
79653
79756
79859
79962
80065
80168
80271
80374
80478
80582
80686
80790
80892
80996
81100
81211
81314
81418
81521
81625
81728
81832
81935
82039
82142
82246
82349
82452
82554
82658
82761
82863
82967
83069
83172
83275
83378
83482
83585
83687
83790
83893
83995
84099
84202
84306
84410
84513
84616
84719
84822
84925
85028
85130
85232
85335
85439
85542
85645
85749
85852
85954
86057
86161
86263
86367
86469
86572
86675
86778
86881
86985
87088
87191
87295
87399
87502
87605
87708
87812
88148
88251
88355
88458
88561
88664
88767
88870
88974
89076
89179
89282
89385
89488
89592
89695
89796
89900
90004
90107
90210
90313
90415
90519
90622
90725
90828
90931
91034
91138
91242
91345
91448
91550
91654
91757
91860
91964
92067
92185
92288
92391
92494
92597
92701
92805
92908
93010
93113
93214
93317
93420
93521
93623
93727
93831
93932
94036
94137
94240
94343
94446
94549
94653
94756
94860
94961
95064
95168
95271
95374
95477
95580
95683
95787
95891
95995
96098
96201
96304
96408
96511
96614
96717
96820
96922
96993
97097
97200
97304
97407
97510
97613
97716
97819
97922
98024
98128
98231
98335
98438
98541
98644
98746
98850
98953
99057
99161
99264
99367
99470
99573
99677
99781
99884
99988
100092
100194
100298
100402
100513
100617
100721
100825
100928
101031
101135
101239
101342
101445
101548
101652
101754
101857
101960
102063
102166
102270
102374
102478
102582
102684
102788
102891
102994
103098
103202
103306
103409
103511
103614
103717
103820
103924
104027
104130
104234
104337
104440
104544
104648
104751
104855
104959
105063
121683
121786
121889
121993
122097
122201
122304
122407
122510
122614
122718
122822
122925
123029
123132
123235
123339
123442
123545
123649
123752
123855
123958
124060
124163
124266
124369
124471
124574
124677
124869
124972
125076
125179
125329
125475
125579
126530
126978
127081
127185
127288
127392
127496
132196
132299
132403
132507
132610
132712
132815
132918
133021
133124
133227
133330
133433
133537
133640
133743
133846
133949
134052
134155
134258
134361
134470
134573
134676
134779
134882
135037
135140
135243
135347
135450
135552
135655
135759
135862
136198
136344
137637
137740
137843
137946
138049
138152
138255
138358
138461
138564
138668
138771
138875
138978
139082
139185
139288
139391
139494
139598
139701
139804
139907
140011
140114
140217
140320
140423
140526
140629
140732
140835
140938
141221
141325
141427
141530
141633
141736
141839
141942
142045
147977
148080
148184
148287
148389
148491
148594
148696
148799
148903
149006
149109
149212
149316
149419
149523
149626
149729
149832
149935
150038
150141
150243
150346
150449
150553
150655
150758
150862
150965
151068
151171
151275
151378
151929
152031
152372
152475
152579
152682
152785
152888
152990
153101
155625
155729
155832
155935
157139
157427
157530
157632
157734
157844
157947
158050
158154
158257
158359
158462
158565
158668
158770
158874
158978
159082
159185
159288
159397
159499
159602
159704
159808
159911
160014
160117
160645
160749
160852
160956
161059
161163
161266
161369
164132
164236
164339
164448
164551
164655
164758
164861
164964
165068
165171
165274
165383
165486
165589
165692
165795
165898
166002
166106
166209
166313
166417
166521
166624
166727
166831
166934
167038
167434
167537
167641
167744
167847
167950
168053
168341
168638
