1203
1243
1279
1319
1543
1616
1664
1716
1767
1814
1865
1913
1965
2018
2075
2119
2167
2223
2283
2331
2383
2432
2485
2533
2585
2633
2685
2732
2783
2827
2875
2922
2973
3015
3061
3106
3163
3213
3265
3336
3397
3442
3493
3548
3597
3653
3707
3761
3823
3879
3927
3973
4048
4111
4162
4215
4312
4365
4433
4495
4569
4643
4697
4748
4802
4871
4928
4999
5070
5134
5198
5259
5319
5379
5464
5549
5634
5711
5788
5865
5942
6019
6089
6159
6229
6299
6367
6435
6503
6570
6637
6700
6763
6826
6889
6955
7021
7087
7153
7219
7285
7354
7423
7488
7553
7618
7683
7748
7811
7877
7943
8009
8075
8141
8207
8267
8327
8397
8467
8520
8597
8681
8733
8832
8928
9003
9091
9175
9267
9358
9472
9590
9718
9839
9922
10017
10104
10214
10325
10428
10536
10638
10739
10844
10939
11041
11145
11258
11348
11434
11512
11592
11677
11766
11855
11951
12058
12165
12268
12375
12493
12606
12726
12844
12957
13070
13172
13272
13371
13469
13575
13673
13776
13853
13939
14032
14120
14209
14286
14372
14465
14553
14642
14719
14805
14899
14987
15076
15153
15240
15334
15423
15513
15598
15670
15751
15839
15922
16001
16071
16150
16236
16317
16396
16475
16557
16635
16711
16789
16857
16926
17003
17091
17183
17273
17359
17447
17520
17595
17676
17752
17831
17907
17976
18065
18156
18253
18345
18440
18532
18609
18697
18787
18866
18944
19024
19126
19237
19341
19438
19514
19592
19685
19779
19878
19977
20078
20179
20289
20399
20497
20593
20691
20790
20893
20989
21087
21186
21236
21294
21345
21408
21470
21530
21595
21653
21709
21769
21830
21904
21976
22048
22115
22180
22245
22306
22370
22434
22495
22558
22621
22684
22744
22819
22892
22972
23032
23092
23167
23242
23324
23406
23475
23534
23593
23652
23711
23770
23837
23904
23967
24030
24093
24159
24236
24307
24378
24446
24519
24592
24647
24700
24760
24824
24885
24952
25011
25074
25130
25191
25258
25317
25384
25446
25506
25580
25654
25907
25964
26020
26077
26134
26196
26253
26313
26368
26427
26487
26542
26609
26659
26721
26781
26855
26931
26996
27062
27120
27183
27286
27362
27436
27497
27552
27612
27671
27733
27792
27861
27924
27980
28042
28109
28167
28226
28295
28352
28411
28464
28527
28600
28670
28735
28812
28885
28951
29012
29092
29164
29231
29306
29376
29446
29511
29581
29646
29717
29783
29853
29918
29990
30057
30126
30190
30259
30333
30402
30466
30529
30588
30654
30718
30787
30851
30916
30985
31054
31104
31164
31227
31286
31339
31403
31476
31545
31621
31685
31762
31830
31893
31949
32019
32082
32147
32209
32270
32335
32405
32477
32548
32615
32681
32753
32817
32893
32961
33024
33107
33175
33232
33285
33345
33406
33467
33531
33595
33662
33721
33788
33848
33911
33969
34029
34084
34134
34203
34263
34325
34385
34439
34495
34565
34621
34689
34753
34814
34888
34954
35015
35078
35146
35210
35266
35323
35385
35455
35517
35571
35627
35682
35758
35817
35870
35929
35983
36043
36097
36163
36221
36277
36337
36392
36442
36491
36545
36600
36664
36715
36777
36839
36901
36961
37019
37074
37148
37222
37290
37365
37437
37512
37585
37659
37732
37814
37890
37949
38010
38066
38130
38187
38249
38312
38369
38439
38494
38552
38607
38661
38737
38800
38871
38930
38984
39037
39090
39144
39203
39263
39317
39384
39440
39497
39565
39628
39695
39758
39821
39880
39942
40013
40066
40124
40190
40256
40305
40344
40383
40421
40471
40510
40566
40626
40667
40713
40765
40816
40854
40896
40945
40998
41052
41110
41164
41222
41276
41334
41387
41444
41487
41534
41576
41629
41674
41719
41773
41830
41884
41938
41992
42046
42103
42160
42214
42271
42325
42382
42439
42489
42537
42585
42635
42699
42743
42783
42827
42871
42919
42961
43007
43055
43093
43135
43175
43219
43261
43307
43348
43393
43440
43482
43528
43564
43607
43653
43698
43753
43793
43847
43896
43959
44011
44051
44108
44148
44190
44235
44278
44319
44366
44411
44462
44516
44571
44638
44702
44768
44834
44904
44966
45048
45111
45172
45236
45297
45361
45427
45495
45560
45622
45686
45760
45817
45880
45939
46004
46072
46134
46196
46262
46320
46398
46457
46514
46585
46633
46687
46753
46821
46874
46927
46990
47039
47101
47159
47218
47281
47345
47401
47444
47493
47553
47607
47677
47754
47827
47907
47966
48024
48097
48160
48219
48282
48353
48429
48486
48547
48610
48690
48754
48810
48865
48927
48989
49047
49106
49166
49230
49291
49344
49400
49462
49523
49586
49625
49669
49717
49762
49805
49849
49888
49936
49980
50022
50068
50112
50154
50197
50238
50282
50343
50401
50452
50502
50546
50587
50626
50665
50707
50756
50819
50882
50924
50983
51044
51090
51140
51194
51255
51335
51403
51482
51556
51627
51699
51765
51842
51919
51986
52072
52147
52219
52289
52360
52453
52525
52606
52675
52750
52827
52901
52959
53017
53068
53120
53168
53224
53274
53326
53385
53437
53487
53536
53584
