53630
59902
59930
59959
60026
65226
65250
65316
65361
65406
65449
65489
65528
65569
65610
65654
65696
65732
65777
65826
65875
65929
65980
66029
66078
66131
66182
66227
66271
66318
66363
66407
66451
66497
66542
66592
66645
66689
66734
66779
66824
66870
66921
66958
66995
67046
67094
67153
67213
67266
72581
73164
78737
168444
170570
170760
170932
171126
171445
171617
172306
172418
172876
172981
173043
173172
173450
173623
173804
173999
174180
174357
174533
174705
174878
175060
175248
175422
175726
175997
176263
176456
176641
176765
176949
186381
186546
186792
188878
193210
194834
194990
195196
195358
195596
200666
