76414
76480
76534
78576
105532
105579
105634
105677
105718
105775
105839
105899
106304
106354
107204
107255
107315
107365
107940
108194
108244
108302
109358
109402
109456
109667
109823
109886
110552
110700
110781
111075
112137
112189
112241
112283
114280
114319
114363
114413
114556
114641
114803
114848
114890
114933
115793
115831
115883
116654
116710
116777
116933
117154
117196
117371
117478
117762
117816
118043
118214
118940
119128
119174
119224
119747
119815
120434
120490
120534
120846
120892
120939
120988
121036
121085
121133
121182
121230
121279
124826
125283
125683
125730
125789
125845
125903
125961
126023
126077
126151
126206
126259
126315
126634
126676
126721
126767
127599
127693
127746
127906
127957
128003
128052
128096
128144
128193
129159
129215
129254
129340
129389
129389
129466
129529
129594
129639
129683
129737
130113
130172
130231
130290
130347
130464
130516
130568
130620
130670
130720
130966
131456
131456
131537
131586
131633
131673
131715
131818
131861
131902
132097
132144
135970
136152
136447
136556
136600
136643
136699
136757
136817
136874
136928
136984
137050
137099
137154
137202
141041
141125
141171
142148
142197
142245
142389
142450
142538
142589
142637
142695
142747
142792
142843
142899
142946
142986
143082
143130
143188
143248
143903
143945
143991
144039
144080
144122
144285
144336
144490
144539
144646
144695
144744
144793
144845
144907
144966
145020
145074
145128
145186
145236
145306
145357
145457
145523
145585
145640
145690
145759
145820
145876
145933
145997
146056
146115
146169
146228
146282
146342
146397
146456
146510
146571
146627
146685
146738
146796
146859
146917
146970
147014
147119
147358
147554
147893
147934
151623
151677
151776
151822
151875
152135
152172
152214
152269
152320
153209
153256
153300
153542
153589
153642
153700
153753
153807
153865
154008
154060
154101
154142
154192
154245
154295
154345
154395
154445
154498
154551
154601
154654
154704
154757
154810
154858
154905
154951
154995
155039
155136
156202
156246
156319
156370
156409
156451
156497
156542
156582
156629
156723
156768
156808
161512
161561
161613
161661
161709
161757
161805
161853
161910
161958
162006
162056
162112
162163
162217
162268
162324
162382
162446
162505
162567
162626
162668
162770
162816
162925
163189
163441
167141
168295
168540
169021
169074
169140
169197
169683
169976
170028
170073
170132
170184
170238
170289
170520
171563
171831
171890
171951
172011
172067
172122
172253
172682
172743
172811
175617
175674
175925
176129
177106
177157
177203
177242
177284
177571
177620
177670
177720
177773
177826
177882
177930
177986
178035
178087
178134
178183
178626
178702
178814
178858
180989
181029
181063
181101
181566
181605
181651
181691
181735
181779
181823
181871
181919
181972
182014
182060
182108
182146
182188
182228
182272
182315
182358
182402
182441
182497
182541
182585
182635
182677
182723
182764
182809
182855
182907
182954
182996
183038
183084
183127
183429
183475
183533
183881
183924
183967
184025
184159
184694
185693
185738
185798
185856
185921
186214
186265
186325
186951
187010
187090
187139
187182
187227
187272
187332
187392
187459
187526
187569
187622
187667
187726
187771
187828
187881
187931
187994
188049
188099
188151
188459
188512
188566
188615
188660
188704
188748
188791
188832
188975
189026
189085
189188
189231
189272
189317
189361
189400
189442
189507
189558
189606
189648
189696
189739
189793
189842
189886
189929
189973
190017
190061
190098
190139
190194
190241
190286
190335
190379
190426
190547
190590
190629
191094
191179
191226
191271
191319
191362
191412
191465
191548
192441
192491
192533
192621
192727
192778
192855
193023
193358
193417
193478
193539
193609
193760
194217
194467
194559
194763
195802
195901
196254
197380
197436
197494
197553
197602
197649
197693
197756
197838
197901
197956
198013
198077
198138
198202
198264
198327
198389
198460
198525
198658
198702
198746
198791
198839
198889
198934
199115
199165
199348
199397
199450
199503
199553
199597
199649
199947
200040
200093
200145
200197
200469
200518
200566
200613
201397
201444
201527
201780
201849
201907
202130
202292
202354
202396
202798
202846
203233
203321
203372
203424
203613
203666
203713
203758
203806
203912
204031
204176
204304
204363
204404
204449
204704
205236
205422
205522
205759
205859
205904
205953
206003
206057
206107
206423
206626
207010
207059
207107
207157
207966
208016
208313
208355
208493
208536
208585
208638
208679
208779
209027
209067
209110
209183
209256
209329
209394
209459
209524
209589
209654
209712
209770
209828
209886
209937
209993
210049
210105
210160
210215
210266
210317
210368
210419
210473
210527
210581
210635
210689
210743
210800
210857
210910
210963
211016
211069
211122
211173
211227
211281
211335
211389
211443
211497
211540
212077
212133
212191
212250
212289
212332
212519
212845
212890
213680
214304
214625
214752
214800
215859
215900
216024
216066
216114
216162
216210
216258
216306
216348
216399
216442
216490
216539
216601
216657
216713
216766
216809
216865
216923
216981
217039
217097
217142
217181
217227
217283
217340
217392
217448
217501
217563
217615
218017
218065
218194
218235
218280
218320
218364
218401
218442
218482
218526
218583
218640
218697
218754
218801
218841
218876
218915
218955
218995
219176
